2021-06-04 21:18:33.710
            87       0              80       0              72       0              77       1              80       0  
2021-06-04 21:18:33.816
            81       0              79       0              76       0              73       0              70       1  
2021-06-04 21:18:34.021
            65       0              62       0              62       0              59       0              55       0  
2021-06-04 21:18:34.125
            53       0              50       0              48       0              47       0              45       0  
2021-06-04 21:18:34.180
            44       0              43       0              42       0              42       0              43       0  
2021-06-04 21:18:34.286
            47       0              54       0              62       0              70       0              76       0  
2021-06-04 21:18:34.392
            79       0              78       0              76       0              72       0              67       0  
2021-06-04 21:18:34.498
            63       1              58       0              55       0              53       0              51       0  
2021-06-04 21:18:34.554
            50       0              49       0              47       0              46       0              44       0  
2021-06-04 21:18:34.659
            42       0              39       0              37       0              35       0              33       0  
2021-06-04 21:18:34.764
            31       0              29       0              27       0              24       0              22       0  
2021-06-04 21:18:34.869
            20       0              19       0              21       0              27       0              36       0  
2021-06-04 21:18:34.975
            46       0              57       0              64       0              67       0              66       0  
2021-06-04 21:18:35.181
            63       0              57       0              48       1              43       0              41       0  
2021-06-04 21:18:35.386
            39       0              35       0              32       0              28       0              25       0  
2021-06-04 21:18:35.441
            22       0              20       0              18       0              17       0              15       0  
2021-06-04 21:18:35.546
            13       0              12       0              11       0              12       0              17       0  
2021-06-04 21:18:35.650
            28       0              43       0              59       0              74       0              84       0  
2021-06-04 21:18:35.705
            89       0              89       0              86       0              81       0              76       0  
2021-06-04 21:18:35.859
            71       1              67       0              64       0              62       0              61       0  
2021-06-04 21:18:35.914
            61       0              60       0              59       0              57       0              55       0  
2021-06-04 21:18:36.018
            53       0              52       0              51       0              50       0              50       0  
2021-06-04 21:18:36.122
            49       0              48       0              46       0              44       0              42       0  
2021-06-04 21:18:36.276
            41       0              44       0              52       0              64       0              76       0  
2021-06-04 21:18:36.381
            88       0              95       0              94       0              83       0              70       1  
2021-06-04 21:18:36.536
            62       0              59       0              58       0              56       0              55       0  
2021-06-04 21:18:36.640
            53       0              50       0              48       0              46       0              44       0  
2021-06-04 21:18:36.744
            42       0              41       0              40       0              38       0              36       0  
2021-06-04 21:18:36.849
            33       0              30       0              28       0              29       0              37       0  
2021-06-04 21:18:36.903
            48       0              62       0              76       0              87       0  
2021-06-04 21:18:37.008
            93       0              91       0              86       0              81       0              76       1  
2021-06-04 21:18:37.112
            72       0              70       0              70       0              70       0              70       0  
2021-06-04 21:18:37.216
            69       0              67       0              62       0              57       0              50       0  
2021-06-04 21:18:37.321
            43       0              34       0              24       0              15       0              7       0  
2021-06-04 21:18:37.425
            0       0              0       0              0       0              0       0              0       0  
2021-06-04 21:18:37.630
            0       0              0       0              0       0              19       0              57       0  
2021-06-04 21:18:37.734
            76       0              75       0              68       0              62       1              59       0  
2021-06-04 21:18:37.841
            59       0              61       0              66       0              71       0              76       0  
2021-06-04 21:18:37.946
            79       0              79       0              78       0              74       0              69       0  
2021-06-04 21:18:38.100
            63       0              57       0              51       0              46       0              41       0  
2021-06-04 21:18:38.154
            36       0              33       0              30       0              28       0              28       0  
2021-06-04 21:18:38.209
            30       0              35       0              43       0              52       0              62       0  
2021-06-04 21:18:38.363
            71       0              76       0              77       0              76       0              73       0  
2021-06-04 21:18:38.418
            68       1              64       0              60       0              57       0              54       0  
2021-06-04 21:18:38.522
            53       0              53       0              53       0              52       0              51       0  
2021-06-04 21:18:38.602
            49       0              47       0              45       0              43       0              41       0  
2021-06-04 21:18:38.756
            39       0              38       0              38       0              38       0              37       0  
2021-06-04 21:18:38.961
            41       0              55       0              74       0              83       0              85       0  
2021-06-04 21:18:39.015
            84       0              81       0              77       0              73       1              69       0  
2021-06-04 21:18:39.120
            66       0              63       0              61       0              60       0              59       0  
2021-06-04 21:18:39.224
            58       0              56       0              54       0              52       0              49       0  
2021-06-04 21:18:39.329
            47       0              45       0              43       0              41       0              40       0  
2021-06-04 21:18:39.433
            38       0              37       0              36       0              35       0              36       0  
2021-06-04 21:18:39.537
            40       0              47       0              56       0              65       0              72       0  
2021-06-04 21:18:39.642
            76       0              77       0              75       0              72       0              67       0  
2021-06-04 21:18:39.753
            63       1              59       0              55       0              53       0              51       0  
2021-06-04 21:18:39.807
            51       0              50       0              50       0              49       0              47       0  
2021-06-04 21:18:40.061
            45       0              43       0              41       0              38       0              35       0  
2021-06-04 21:18:40.164
            34       0              32       0              34       0              48       0              57       0  
2021-06-04 21:18:40.268
            66       0              72       0              74       0              75       0              74       0  
2021-06-04 21:18:40.370
            70       0              65       1              61       0              55       0              51       0  
2021-06-04 21:18:40.523
            48       0              47       0              47       0              47       0              46       0  
2021-06-04 21:18:40.575
            44       0              41       0              37       0              33       0              29       0  
2021-06-04 21:18:40.678
            26       0              22       0              19       0              17       0              14       0  
2021-06-04 21:18:40.733
            11       0              9       0              7       0              8       0              15       0  
2021-06-04 21:18:40.903
            26       0              40       0              55       0              66       0              71       0  
2021-06-04 21:18:41.059
            71       0              66       0              59       0              50       1              41       0  
2021-06-04 21:18:41.063
            33       0              27       0              23       0              21       0              21       0  
2021-06-04 21:18:41.167
            21       0              21       0              21       0              19       0              14       0  
2021-06-04 21:18:41.373
            8       0              4       0              1       0              0       0              0       0  
2021-06-04 21:18:41.478
            1       0              10       0              25       0              42       0              60       0  
2021-06-04 21:18:41.583
            73       0              80       0              80       0              76       0              69       0  
2021-06-04 21:18:41.688
            61       0              54       1              47       0              43       0              40       0  
2021-06-04 21:18:41.793
            40       0              40       0              41       0              41       0              40       0  
2021-06-04 21:18:41.898
            37       0              34       0              29       0              25       0              21       0  
2021-06-04 21:18:41.953
            18       0              16       0              14       0              13       0              12       0  
2021-06-04 21:18:42.058
            11       0              12       0              16       0              26       0              41       0  
2021-06-04 21:18:42.162
            57       0              74       0              87       0              93       0              92       0  
2021-06-04 21:18:42.266
            88       0              80       0              72       0              63       1              56       0  
2021-06-04 21:18:42.369
            51       0              48       0              47       0              47       0              47       0  
2021-06-04 21:18:42.574
            44       0              37       0              31       0              26       0              24       0  
2021-06-04 21:18:42.679
            22       0              22       0              22       0              26       0              35       0  
2021-06-04 21:18:42.785
            49       0              66       0              79       0              88       0              92       0  
2021-06-04 21:18:42.891
            90       0              83       0              79       0              75       0              70       1  
2021-06-04 21:18:42.995
            66       0              64       0              64       0              65       0              66       0  
2021-06-04 21:18:43.101
            69       0              70       0              71       0              71       0              71       0  
2021-06-04 21:18:43.256
            70       0              68       0              67       0              66       0              65       0  
2021-06-04 21:18:43.260
            64       0              64       0              63       0              63       0              64       0  
2021-06-04 21:18:43.364
            66       0              70       0              77       0              84       0              92       0  
2021-06-04 21:18:43.469
            98       0              101       0              102       0              101       0              99       0  
2021-06-04 21:18:43.574
            96       0              93       1              90       0              88       0              87       0  
2021-06-04 21:18:43.779
            85       0              83       0              80       0              78       0              76       0  
2021-06-04 21:18:43.885
            75       0              73       0              72       0              70       0              70       0  
2021-06-04 21:18:43.991
            71       0              74       0              78       0              82       0              85       0  
2021-06-04 21:18:44.096
            87       0              87       0              85       0              82       0              78       1  
2021-06-04 21:18:44.202
            75       0              72       0              69       0              67       0              65       0  
2021-06-04 21:18:44.257
            64       0              63       0              61       0              60       0              58       0  
2021-06-04 21:18:44.412
            56       0              54       0              53       0              52       0              51       0  
2021-06-04 21:18:44.467
            50       0              49       0              48       0              46       0              46       0  
2021-06-04 21:18:44.620
            46       0              49       0              52       0              56       0              58       0  
2021-06-04 21:18:44.675
            60       0              59       0              57       0              55       0              52       0  
2021-06-04 21:18:44.780
            49       0              47       0              45       0              43       0              43       0  
2021-06-04 21:18:44.985
            43       0              42       0              40       0              37       0              33       0  
2021-06-04 21:18:45.090
            30       0              28       0              26       0              24       0              22       0  
2021-06-04 21:18:45.195
            21       0              21       0              24       0              27       0              31       0  
2021-06-04 21:18:45.353
            33       0              34       0              32       0              29       0              24       0  
2021-06-04 21:18:45.357
            19       0              13       0              7       0              3       0              0       0  
2021-06-04 21:18:45.461
            0       0              0       0              0       0              0       0              0       0  
2021-06-04 21:18:45.566
            0       0              0       0              0       0              0       0              0       0  
2021-06-04 21:18:45.671
            0       0              0       0              0       0              0       0              0       0  
2021-06-04 21:18:45.776
            0       0              0       0              0       0              0       0              0       0  
2021-06-04 21:18:45.880
            0       0              0       0              0       0              0       0              0       0  
2021-06-04 21:18:45.985
            0       0              0       0              0       0              0       0              0       0  
2021-06-04 21:18:46.191
            0       0              0       0              0       0              0       0              0       0  
2021-06-04 21:18:46.346
            0       0              0       0              0       0              0       0              0       0  
2021-06-04 21:18:46.451
            0       0              0       0              0       0              0       0              0       0  
2021-06-04 21:18:46.506
            0       0              0       0              0       0              1       0              1       0  
2021-06-04 21:18:46.611
            2       0              3       0              4       0              5       0              5       0  
2021-06-04 21:18:46.715
            6       0              6       0              7       0              7       0              7       0  
2021-06-04 21:18:46.820
            8       0              8       0              9       0              10       0              11       0  
2021-06-04 21:18:46.925
            12       0              12       0              11       0              10       0              10       0  
2021-06-04 21:18:47.030
            10       0              10       0              11       0              12       0              13       0  
2021-06-04 21:18:47.135
            14       0              15       0              16       0              16       0              17       0  
2021-06-04 21:18:47.240
            16       0              16       0              16       0              16       0              16       0  
2021-06-04 21:18:47.495
            16       0              15       0              15       0              14       0              12       0  
2021-06-04 21:18:47.550
            12       0              12       0              12       0              14       0              14       0  
2021-06-04 21:18:47.604
            15       0              16       0              17       0              17       0              18       0  
2021-06-04 21:18:47.809
            19       0              19       0              20       0              20       0              20       0  
2021-06-04 21:18:47.813
            23       0              27       0              32       0              36       0              41       0  
2021-06-04 21:18:47.917
            43       0              44       0              44       0              44       0              44       0  
2021-06-04 21:18:48.022
            44       0              45       0              45       0              45       0              45       0  
2021-06-04 21:18:48.127
            45       0              45       0              45       0              45       0              45       0  
2021-06-04 21:18:48.232
            45       0              45       0              45       0              45       0              45       0  
2021-06-04 21:18:48.337
            46       0              46       0              46       0              46       0              46       0  
2021-06-04 21:18:48.443
            46       0              46       0              46       0              46       0              46       0  
2021-06-04 21:18:48.548
            46       0              46       0              46       0              46       0              46       0  
2021-06-04 21:18:48.703
            46       0              46       0              46       0              46       0              46       0  
2021-06-04 21:18:48.758
            46       0              46       0              46       0              46       0              46       0  
2021-06-04 21:18:48.913
            46       0              46       0              46       0              46       0              46       0  
2021-06-04 21:18:49.068
            46       0              46       0              46       0              47       0              47       0  
2021-06-04 21:18:49.123
            48       0              49       0              50       0              51       0              53       0  
2021-06-04 21:18:49.228
            54       0              55       0              56       0              56       0              56       0  
2021-06-04 21:18:49.333
            56       0              56       0              55       0              55       0              55       0  
2021-06-04 21:18:49.437
            55       0              55       0              55       0              55       0              55       0  
2021-06-04 21:18:49.543
            56       0              57       0              59       0              60       0              62       0  
2021-06-04 21:18:49.648
            62       0              62       0              62       0              62       0              64       0  
2021-06-04 21:18:49.703
            68       0              74       0              80       0              86       0              91       0  
2021-06-04 21:18:49.908
            95       0              95       0              93       0              89       0              86       0  
2021-06-04 21:18:50.012
            83       0              81       0              79       0              77       0              75       0  
2021-06-04 21:18:50.117
            74       0              73       0              72       0              71       0              70       0  
2021-06-04 21:18:50.222
            69       0              67       0              66       0              64       0              63       0  
2021-06-04 21:18:50.327
            63       0              64       0              67       0              70       0              73       0  
2021-06-04 21:18:50.432
            75       0              76       0              76       0              76       0              74       0  
2021-06-04 21:18:50.537
            73       0              71       0              70       0              68       0              67       0  
2021-06-04 21:18:50.641
            66       0              65       0              64       0              63       0              62       0  
2021-06-04 21:18:50.752
            61       0              60       0              58       0              57       0              56       0  
2021-06-04 21:18:50.807
            55       0              54       0              53       0              52       0              52       0  
2021-06-04 21:18:50.963
            51       0              50       0              50       0              50       0              50       0  
2021-06-04 21:18:51.118
            53       0              58       0              61       0              61       0              58       0  
2021-06-04 21:18:51.224
            56       0              55       0              54       1              53       0              53       0  
2021-06-04 21:18:51.330
            53       0              52       0              52       0              51       0              51       0  
2021-06-04 21:18:51.435
            50       0              50       0              49       0              48       0              48       0  
2021-06-04 21:18:51.539
            47       0              47       0              46       0              46       0              45       0  
2021-06-04 21:18:51.644
            45       0              45       0              46       0              47       0              50       0  
2021-06-04 21:18:51.749
            53       0              56       0              58       0              59       0              59       0  
2021-06-04 21:18:51.805
            58       0              57       0              56       0              54       0              53       0  
2021-06-04 21:18:51.909
            52       0              52       0              52       0              51       0              51       0  
2021-06-04 21:18:52.064
            51       0              50       0              50       0              49       0              49       0  
2021-06-04 21:18:52.118
            48       0              47       0              47       0              46       0              46       0  
2021-06-04 21:18:52.375
            46       0              45       0              45       0              48       0              54       0  
2021-06-04 21:18:52.430
            59       0              60       0              59       0              58       0              56       0  
2021-06-04 21:18:52.535
            55       0              54       0              52       0              51       0              51       0  
2021-06-04 21:18:52.639
            51       0              51       0              50       0              50       0              50       0  
2021-06-04 21:18:52.744
            49       0              49       0              48       0              47       0              45       0  
2021-06-04 21:18:52.849
            42       0              40       0              38       0              37       0              37       0  
2021-06-04 21:18:52.904
            37       0              37       0              41       0              47       0              58       0  
2021-06-04 21:18:53.009
            70       0              82       0              92       0              98       0              99       0  
2021-06-04 21:18:53.113
            98       0              95       0              91       0              86       0              82       0  
2021-06-04 21:18:53.268
            78       1              75       0              73       0              71       0              69       0  
2021-06-04 21:18:53.323
            67       0              64       0              60       0              57       0              53       0  
2021-06-04 21:18:53.528
            50       0              46       0              42       0              38       0              35       0  
2021-06-04 21:18:53.733
            41       0              60       0              70       0              79       0              84       0  
2021-06-04 21:18:53.788
            84       0              83       0              79       0              74       1              69       0  
2021-06-04 21:18:53.842
            64       0              60       0              57       0              55       0              54       0  
2021-06-04 21:18:53.947
            53       0              52       0              50       0              48       0              46       0  
2021-06-04 21:18:54.052
            43       0              41       0              38       0              36       0              35       0  
2021-06-04 21:18:54.158
            34       0              33       0              33       0              34       0              36       0  
2021-06-04 21:18:54.263
            43       0              53       0              65       0              77       0              87       0  
2021-06-04 21:18:54.368
            93       0              95       0              94       0              90       0              85       0  
2021-06-04 21:18:54.472
            79       0              75       1              73       0              73       0              76       0  
2021-06-04 21:18:54.577
            79       0              82       0              83       0              84       0              83       0  
2021-06-04 21:18:54.732
            82       0              81       0              82       0              82       0              79       0  
2021-06-04 21:18:54.887
            74       0              74       0              81       0              87       0              93       0  
2021-06-04 21:18:54.992
            98       0              101       0              101       0              99       0              95       0  
2021-06-04 21:18:55.096
            91       1              86       0              81       0              76       0              73       0  
2021-06-04 21:18:55.202
            70       0              67       0              65       0              63       0              60       0  
2021-06-04 21:18:55.256
            57       0              54       0              51       0              49       0              46       0  
2021-06-04 21:18:55.361
            44       0              43       0              41       0              40       0              38       0  
2021-06-04 21:18:55.466
            37       0              36       0              36       0              38       0              42       0  
2021-06-04 21:18:55.621
            46       0              51       0              55       0              57       0              57       0  
2021-06-04 21:18:55.676
            55       0              54       0              51       1              49       0              47       0  
2021-06-04 21:18:55.831
            46       0              44       0              43       0              42       0              40       0  
2021-06-04 21:18:55.936
            39       0              38       0              36       0              35       0              34       0  
2021-06-04 21:18:56.091
            33       0              32       0              31       0              32       0              34       0  
2021-06-04 21:18:56.195
            38       0              44       0              49       0              55       0              58       0  
2021-06-04 21:18:56.299
            60       0              60       0              59       0              57       0              56       0  
2021-06-04 21:18:56.353
            54       1              52       0              51       0              51       0              50       0  
2021-06-04 21:18:56.457
            50       0              50       0              49       0              47       0              46       0  
2021-06-04 21:18:56.562
            45       0              43       0              42       0              41       0              40       0  
2021-06-04 21:18:56.667
            39       0              38       0              37       0              36       0              35       0  
2021-06-04 21:18:56.822
            36       0              38       0              42       0              47       0              52       0  
2021-06-04 21:18:56.927
            57       0              60       0              61       0              61       0              60       0  
2021-06-04 21:18:56.981
            58       0              56       1              54       0              53       0              52       0  
2021-06-04 21:18:57.136
            51       0              51       0              50       0              48       0              44       0  
2021-06-04 21:18:57.341
            41       0              39       0              37       0              36       0              35       0  
2021-06-04 21:18:57.396
            34       0              36       0              39       0              45       0              51       0  
2021-06-04 21:18:57.501
            57       0              62       0              64       0              64       0              63       0  
2021-06-04 21:18:57.605
            62       0              60       0              58       1              56       0              54       0  
2021-06-04 21:18:57.660
            54       0              53       0              52       0              51       0              50       0  
2021-06-04 21:18:57.764
            49       0              47       0              44       0              42       0              39       0  
2021-06-04 21:18:57.919
            36       0              33       0              32       0              30       0              29       0  
2021-06-04 21:18:58.024
            28       0              28       0              32       0              40       0              51       0  
2021-06-04 21:18:58.078
            63       0              73       0              80       0              84       0              84       0  
2021-06-04 21:18:58.183
            82       0              80       0              76       0              73       1              70       0  
2021-06-04 21:18:58.338
            68       0              66       0              64       0              60       0              54       0  
2021-06-04 21:18:58.543
            48       0              42       0              38       0              35       0              34       0  
2021-06-04 21:18:58.648
            33       0              32       0              32       0              35       0              42       0  
2021-06-04 21:18:58.703
            51       0              62       0              73       0              80       0              83       0  
2021-06-04 21:18:58.758
            83       0              81       0              77       0              73       1              69       0  
2021-06-04 21:18:58.862
            65       0              61       0              58       0              56       0              54       0  
2021-06-04 21:18:59.016
            51       0              47       0              44       0              40       0              36       0  
2021-06-04 21:18:59.070
            32       0              28       0              25       0              23       0              20       0  
2021-06-04 21:18:59.176
            18       0              16       0              14       0              11       0              9       0  
2021-06-04 21:18:59.281
            7       0              6       0              7       0              13       0              22       0  
2021-06-04 21:18:59.385
            32       0              42       0              49       0              52       0              52       0  
2021-06-04 21:18:59.503
            50       0              46       0              42       1              39       0              33       0  
2021-06-04 21:18:59.708
            29       0              24       0              18       0              11       0              5       0  
2021-06-04 21:18:59.813
            2       0              0       0              0       0              0       0              0       0  
2021-06-04 21:18:59.918
            0       0              0       0              0       0              0       0              0       0  
2021-06-04 21:19:00.022
            0       0              0       0              0       0              0       0              0       0  
2021-06-04 21:19:00.127
            0       0              0       0              0       0              0       0              0       0  
2021-06-04 21:19:00.282
            0       0              0       0              0       0              0       0              0       0  
2021-06-04 21:19:00.337
            0       0              0       0              5       0              13       0              21       0  
2021-06-04 21:19:00.442
            25       0              25       0              25       0              25       0              25       0  
2021-06-04 21:19:00.546
            25       0              25       0              25       0              25       0              25       0  
2021-06-04 21:19:00.651
            25       0              26       0              26       0              27       0              27       0  
2021-06-04 21:19:00.706
            27       0              28       0              28       0              28       0              28       0  
2021-06-04 21:19:00.910
            28       0              28       0              28       0              29       0              29       0  
2021-06-04 21:19:01.015
            29       0              29       0              29       0              29       0              29       0  
2021-06-04 21:19:01.119
            29       0              30       0              30       0              30       0              30       0  
2021-06-04 21:19:01.274
            30       0              30       0              30       0              30       0              30       0  
2021-06-04 21:19:01.328
            30       0              31       0              31       0              31       0              31       0  
2021-06-04 21:19:01.433
            31       0              32       0              32       0              32       0              32       0  
2021-06-04 21:19:01.537
            33       0              33       0              33       0              33       0              33       0  
2021-06-04 21:19:01.642
            33       0              33       0              33       0              33       0              33       0  
2021-06-04 21:19:01.747
            34       0              34       0              34       0              34       0              34       0  
2021-06-04 21:19:01.902
            34       0              34       0              35       0              35       0              35       0  
2021-06-04 21:19:01.906
            35       0              35       0              35       0              35       0              35       0  
2021-06-04 21:19:02.110
            35       0              36       0              36       0              36       0              36       0  
2021-06-04 21:19:02.215
            36       0              36       0              36       0              36       0              36       0  
2021-06-04 21:19:02.371
            37       0              37       0              37       0              37       0              37       0  
2021-06-04 21:19:02.428
            37       0              37       0              37       0              37       0              37       0  
2021-06-04 21:19:02.532
            37       0              37       0              37       0              37       0              37       0  
2021-06-04 21:19:02.637
            37       0              37       0              37       0              37       0              38       0  
2021-06-04 21:19:02.741
            38       0              38       0              38       0              39       0              39       0  
2021-06-04 21:19:02.803
            40       0              40       0              41       0              41       0              42       0  
2021-06-04 21:19:02.907
            42       0              42       0              42       0              42       0              42       0  
2021-06-04 21:19:03.012
            42       0              42       0              42       0              42       0              42       0  
2021-06-04 21:19:03.116
            43       0              43       0              43       0              43       0              43       0  
2021-06-04 21:19:03.321
            43       0              43       0              43       0              43       0              44       0  
2021-06-04 21:19:03.426
            44       0              44       0              45       0              45       0              45       0  
2021-06-04 21:19:03.581
            45       0              45       0              45       0              45       0              45       0  
2021-06-04 21:19:03.635
            46       0              46       0              46       0              46       0              46       0  
2021-06-04 21:19:03.740
            47       0              47       0              47       0              47       0              47       0  
2021-06-04 21:19:03.844
            47       0              47       0              47       0              47       0              47       0  
2021-06-04 21:19:04.052
            47       0              47       0              47       0              48       0              48       0  
2021-06-04 21:19:04.056
            48       0              48       0              48       0              48       0              48       0  
2021-06-04 21:19:04.110
            48       0              48       0              49       0              49       0              49       0  
2021-06-04 21:19:04.214
            49       0              49       0              49       0              49       0              49       0  
2021-06-04 21:19:04.318
            49       1              49       0              49       0              49       0              49       0  
2021-06-04 21:19:04.523
            49       0              49       0              49       0              49       0              49       0  
2021-06-04 21:19:04.628
            49       0              50       0              50       0              50       0              50       0  
2021-06-04 21:19:04.833
            50       0              51       0              51       0              51       0              51       0  
2021-06-04 21:19:04.837
            51       0              51       0              51       0              51       0              51       0  
2021-06-04 21:19:04.941
            51       0              51       0              51       0              51       0              51       0  
2021-06-04 21:19:05.052
            51       0              51       0              51       0              51       0              51       0  
2021-06-04 21:19:05.156
            51       0              51       0              51       0              51       0              51       0  
2021-06-04 21:19:05.211
            51       0              51       0              51       0              51       0              51       0  
2021-06-04 21:19:05.366
            51       0              51       0              51       0              51       0              51       0  
2021-06-04 21:19:05.470
            51       0              52       0              53       0              53       0              53       0  
2021-06-04 21:19:05.575
            52       0              52       0              51       0              51       0              50       0  
2021-06-04 21:19:05.730
            50       0              50       0              51       0              51       0              51       0  
2021-06-04 21:19:05.885
            49       0              48       1              47       0              47       0              48       0  
2021-06-04 21:19:05.990
            49       0              49       0              50       0              50       0              50       0  
2021-06-04 21:19:06.095
            50       0              50       0              50       0              51       0              52       0  
2021-06-04 21:19:06.200
            53       0              54       0              55       0              56       0              57       0  
2021-06-04 21:19:06.255
            59       0              61       0              65       0              70       0              76       0  
2021-06-04 21:19:06.410
            82       0              86       0              88       0              89       0              87       0  
2021-06-04 21:19:06.464
            85       0              83       0              82       0              80       0              78       0  
2021-06-04 21:19:06.619
            76       1              73       0              70       0              67       0              65       0  
2021-06-04 21:19:06.724
            62       0              60       0              59       0              57       0              55       0  
2021-06-04 21:19:06.779
            53       0              52       0              51       0              50       0              50       0  
2021-06-04 21:19:06.933
            51       0              53       0              57       0              62       0              66       0  
2021-06-04 21:19:07.088
            70       0              72       0              71       0              70       0              69       0  
2021-06-04 21:19:07.193
            66       0              63       0              61       0              58       0              56       0  
2021-06-04 21:19:07.297
            54       0              53       0              51       0              50       0              48       0  
2021-06-04 21:19:07.402
            47       0              45       0              44       0              44       0              43       0  
2021-06-04 21:19:07.457
            44       0              45       0              47       0              50       0              54       0  
2021-06-04 21:19:07.561
            58       0              61       0              64       0              66       0              67       0  
2021-06-04 21:19:07.666
            68       0              69       0              69       1              70       0              71       0  
2021-06-04 21:19:07.770
            72       0              72       0              72       0              72       0              71       0  
2021-06-04 21:19:07.875
            70       0              69       0              67       0              65       0              62       0  
2021-06-04 21:19:07.979
            60       0              58       0              56       0              54       0              53       0  
2021-06-04 21:19:08.134
            52       0              50       0              49       0              48       0              47       0  
2021-06-04 21:19:08.289
            47       0              46       0              45       0              44       0              43       0  
2021-06-04 21:19:08.395
            43       0              42       0              41       0              41       0              40       0  
2021-06-04 21:19:08.500
            40       0              39       0              39       0              38       0              38       0  
2021-06-04 21:19:08.655
            38       0              37       0              36       0              35       0              35       0  
2021-06-04 21:19:08.659
            35       0              34       0              34       0              34       0              33       0  
2021-06-04 21:19:08.763
            33       0              34       0              34       0              34       0              34       0  
2021-06-04 21:19:08.867
            34       0              34       0              34       0              34       0              34       0  
2021-06-04 21:19:08.972
            34       0              33       0              33       0              33       0              33       0  
2021-06-04 21:19:09.076
            32       0              32       0              32       0              32       0              32       0  
2021-06-04 21:19:09.181
            32       0              32       0              32       0              32       0              32       0  
2021-06-04 21:19:09.336
            32       0              32       0              32       0              32       0              32       0  
2021-06-04 21:19:09.491
            33       0              33       0              34       0              34       0              34       0  
2021-06-04 21:19:09.596
            34       0              34       0              34       0              35       0              35       0  
2021-06-04 21:19:09.701
            36       0              36       0              37       0              37       0              37       0  
2021-06-04 21:19:09.757
            37       0              37       0              38       0              38       0              39       0  
2021-06-04 21:19:09.911
            40       0              40       0              41       0              41       0              41       0  
2021-06-04 21:19:10.015
            40       0              39       0              39       0              38       0              38       0  
2021-06-04 21:19:10.070
            38       0              39       0              39       0              40       0              40       0  
2021-06-04 21:19:10.174
            40       0              41       0              41       0              41       0              40       0  
2021-06-04 21:19:10.278
            40       0              40       0              40       0              40       0              40       0  
2021-06-04 21:19:10.383
            40       0              40       0              39       0              39       0              38       0  
2021-06-04 21:19:10.554
            38       0              37       0              37       0              37       0              37       0  
2021-06-04 21:19:10.659
            38       0              39       0              39       0              40       0              40       0  
2021-06-04 21:19:10.764
            41       0              41       0              41       0              41       1              41       0  
2021-06-04 21:19:10.918
            41       0              41       0              41       0              42       0              42       0  
2021-06-04 21:19:10.973
            42       0              43       0              43       0              43       0              43       0  
2021-06-04 21:19:11.127
            43       0              43       0              42       0              42       0              42       0  
2021-06-04 21:19:11.182
            42       0              42       0              43       0              43       0              44       0  
2021-06-04 21:19:11.336
            44       0              45       0              45       0              46       0              46       0  
2021-06-04 21:19:11.392
            47       0              47       0              48       0              48       0              48       0  
2021-06-04 21:19:11.546
            48       0              49       0              49       0              49       0              49       0  
2021-06-04 21:19:11.601
            49       0              49       0              49       0              49       0              49       0  
2021-06-04 21:19:11.706
            49       0              49       0              48       0              48       0              47       0  
2021-06-04 21:19:11.910
            47       0              47       0              47       0              47       0              48       0  
2021-06-04 21:19:12.015
            49       0              49       0              49       0              50       0              51       0  
2021-06-04 21:19:12.119
            51       0              51       0              51       0              51       0              51       0  
2021-06-04 21:19:12.223
            51       0              51       0              51       0              51       0              51       0  
2021-06-04 21:19:12.328
            50       0              50       0              50       0              50       0              50       0  
2021-06-04 21:19:12.432
            51       0              51       0              51       0              50       0              50       0  
2021-06-04 21:19:12.537
            50       0              49       0              48       1              48       0              47       0  
2021-06-04 21:19:12.641
            46       0              45       0              45       0              45       0              44       0  
2021-06-04 21:19:12.796
            44       0              44       0              44       0              45       0              46       0  
2021-06-04 21:19:12.850
            46       0              46       0              47       0              50       0              56       0  
2021-06-04 21:19:12.904
            68       0              86       0              109       0              127       0              127       0  
2021-06-04 21:19:13.109
            127       0              127       0              127       0              127       0              127       0  
2021-06-04 21:19:13.214
            127       0              127       0              127       0              127       0              127       0  
2021-06-04 21:19:13.318
            127       0              127       0              127       0              127       0              127       0  
2021-06-04 21:19:13.423
            127       0              127       0              127       0              127       0              127       0  
2021-06-04 21:19:13.527
            127       0              127       0              127       0              127       0              127       0  
2021-06-04 21:19:13.632
            127       0              127       0              127       0              127       0              127       0  
2021-06-04 21:19:13.737
            127       0              127       0              127       0              127       0              127       0  
2021-06-04 21:19:13.792
            127       0              127       0              127       0              127       0              127       0  
2021-06-04 21:19:13.946
            127       0              127       0              127       0              127       0              127       0  
2021-06-04 21:19:14.051
            127       0              127       0              127       0              127       0              127       0  
2021-06-04 21:19:14.105
            127       0              127       0              127       0              127       0              127       0  
2021-06-04 21:19:14.310
            127       0              127       0              127       0              127       0              127       0  
2021-06-04 21:19:14.414
            127       0              127       0              127       1              127       0              127       0  
2021-06-04 21:19:14.518
            127       0              127       0              127       0              127       0              127       0  
2021-06-04 21:19:14.673
            127       0              127       0              127       0              127       0              127       0  
2021-06-04 21:19:14.727
            127       0              127       0              127       0              127       0              127       0  
2021-06-04 21:19:14.831
            127       0              127       0              127       0              127       0              127       0  
2021-06-04 21:19:14.902
            127       0              127       0              127       0              127       0              127       0  
2021-06-04 21:19:15.007
            127       0              127       0              126       0              115       0              104       0  
2021-06-04 21:19:15.111
            94       0              86       0              79       0              72       0              65       0  
2021-06-04 21:19:15.216
            57       0              49       0              40       0              31       0              27       0  
2021-06-04 21:19:15.320
            29       0              33       0              39       0              47       0              52       0  
2021-06-04 21:19:15.524
            52       0              52       0              52       0              51       0              51       0  
2021-06-04 21:19:15.629
            51       0              50       0              50       0              50       0              49       0  
2021-06-04 21:19:15.735
            49       0              49       0              48       0              48       0              48       0  
2021-06-04 21:19:15.839
            47       0              47       0              46       0              46       0              46       0  
2021-06-04 21:19:15.944
            45       0              45       0              45       0              44       0              44       0  
2021-06-04 21:19:16.052
            44       0              45       0              46       0              48       0              49       0  
2021-06-04 21:19:16.106
            49       0              49       0              49       0              49       0              48       0  
2021-06-04 21:19:16.209
            47       0              47       1              46       0              46       0              45       0  
2021-06-04 21:19:16.314
            45       0              45       0              44       0              44       0              43       0  
2021-06-04 21:19:16.418
            43       0              43       0              42       0              42       0              41       0  
2021-06-04 21:19:16.624
            41       0              41       0              40       0              40       0              40       0  
2021-06-04 21:19:16.728
            40       0              40       0              40       0              42       0              45       0  
2021-06-04 21:19:16.883
            45       0              44       0              44       0              43       0              43       0  
2021-06-04 21:19:16.987
            42       0              42       0              42       0              42       0              42       0  
2021-06-04 21:19:17.041
            42       0              42       0              42       0              42       0              42       0  
2021-06-04 21:19:17.202
            42       0              42       0              42       0              42       0              42       0  
2021-06-04 21:19:17.256
            42       0              42       0              42       0              42       0              42       0  
2021-06-04 21:19:17.360
            42       0              43       0              43       0              43       0              43       0  
2021-06-04 21:19:17.464
            43       0              43       0              43       0              43       0              44       0  
2021-06-04 21:19:17.569
            44       0              44       0              44       0              44       0              44       0  
2021-06-04 21:19:17.674
            44       0              44       0              44       0              44       0              44       0  
2021-06-04 21:19:17.879
            44       0              44       0              44       0              43       0              42       0  
2021-06-04 21:19:17.934
            41       0              39       0              38       0              39       0              39       0  
2021-06-04 21:19:18.088
            39       0              40       0              40       0              40       0              40       0  
2021-06-04 21:19:18.143
            40       0              40       0              40       0              40       0              40       0  
2021-06-04 21:19:18.302
            41       0              41       0              41       0              41       0              42       0  
2021-06-04 21:19:18.407
            42       0              42       0              42       0              42       0              42       0  
2021-06-04 21:19:18.461
            42       0              41       0              41       0              41       0              41       0  
2021-06-04 21:19:18.566
            41       0              41       0              41       0              41       0              41       0  
2021-06-04 21:19:18.670
            41       0              41       0              41       0              41       0              41       0  
2021-06-04 21:19:18.876
            41       0              41       0              41       0              41       0              41       0  
2021-06-04 21:19:18.880
            41       0              41       0              41       0              41       0              41       0  
2021-06-04 21:19:18.984
            41       0              41       0              42       0              42       0              42       0  
2021-06-04 21:19:19.139
            42       0              42       0              42       0              42       0              42       0  
2021-06-04 21:19:19.294
            42       0              42       0              43       0              43       0              43       0  
2021-06-04 21:19:19.398
            43       0              43       0              43       0              44       0              44       0  
2021-06-04 21:19:19.503
            44       0              44       0              44       0              44       0              44       0  
2021-06-04 21:19:19.607
            45       0              45       0              45       0              45       0              45       0  
2021-06-04 21:19:19.662
            45       0              45       0              45       0              45       0              45       0  
2021-06-04 21:19:19.766
            45       0              45       0              45       0              46       0              46       0  
2021-06-04 21:19:19.871
            46       0              46       0              46       0              46       0              46       0  
2021-06-04 21:19:19.975
            47       0              47       0              47       0              47       0              47       0  
2021-06-04 21:19:20.080
            48       0              48       0              48       1              48       0              48       0  
2021-06-04 21:19:20.184
            48       0              48       0              48       0              48       0              49       0  
2021-06-04 21:19:20.338
            49       0              49       0              48       0              47       0              47       0  
2021-06-04 21:19:20.493
            47       0              47       0              47       0              47       0              47       0  
2021-06-04 21:19:20.597
            47       0              47       0              47       0              47       0              48       0  
2021-06-04 21:19:20.701
            48       0              48       0              48       0              48       0              48       0  
2021-06-04 21:19:20.756
            48       0              49       0              49       0              49       0              49       0  
2021-06-04 21:19:20.910
            49       0              49       0              49       0              49       0              50       0  
2021-06-04 21:19:20.964
            50       0              50       0              50       0              50       0              50       0  
2021-06-04 21:19:21.068
            50       0              50       0              50       0              50       0              49       0  
2021-06-04 21:19:21.172
            49       0              49       0              49       0              49       0              49       0  
2021-06-04 21:19:21.276
            49       0              49       0              49       0              50       0              53       0  
2021-06-04 21:19:21.381
            59       0              67       0              76       0              87       0              96       0  
2021-06-04 21:19:21.535
            104       0              111       0              117       0              126       0              127       0  
2021-06-04 21:19:21.690
            127       0              127       0              125       0              123       0              121       0  
2021-06-04 21:19:21.794
            120       0              119       0              119       0              118       0              118       0  
2021-06-04 21:19:21.898
            117       0              116       0              115       0              115       0              116       0  
2021-06-04 21:19:21.952
            119       0              124       0              127       0              127       0              127       0  
2021-06-04 21:19:22.056
            127       0              127       0              127       0              127       0              127       0  
2021-06-04 21:19:22.160
            127       0              127       0              127       0              127       0              127       0  
2021-06-04 21:19:22.265
            127       0              125       0              122       0              120       0              118       0  
2021-06-04 21:19:22.369
            115       0              113       0              110       0              107       0              105       0  
2021-06-04 21:19:22.473
            102       0              99       0              96       0              94       0              91       0  
2021-06-04 21:19:22.552
            89       0              86       0              84       0              81       0              80       0  
2021-06-04 21:19:22.706
            79       0              79       0              80       0              84       0              87       0  
2021-06-04 21:19:22.960
            77       0              65       0              59       0              57       1              57       0  
2021-06-04 21:19:22.964
            56       0              56       0              56       0              55       0              55       0  
2021-06-04 21:19:23.068
            54       0              54       0              53       0              53       0              52       0  
2021-06-04 21:19:23.172
            52       0              51       0              51       0              51       0              51       0  
2021-06-04 21:19:23.276
            51       0              51       0              51       0              50       0              50       0  
2021-06-04 21:19:23.381
            50       0              50       0              51       0              52       0              53       0  
2021-06-04 21:19:23.485
            53       0              54       0              54       0              54       0              54       0  
2021-06-04 21:19:23.590
            54       0              53       0              52       0              52       0              51       0  
2021-06-04 21:19:23.702
            51       0              51       0              51       0              51       0              50       0  
2021-06-04 21:19:23.756
            50       0              50       0              50       0              49       0              49       0  
2021-06-04 21:19:23.911
            48       0              48       0              47       0              47       0              46       0  
2021-06-04 21:19:24.116
            45       0              44       0              44       0              45       0              47       0  
2021-06-04 21:19:24.220
            48       0              49       0              49       0              49       0              48       0  
2021-06-04 21:19:24.324
            48       0              47       1              46       0              46       0              45       0  
2021-06-04 21:19:24.429
            44       0              44       0              43       0              43       0              43       0  
2021-06-04 21:19:24.533
            42       0              41       0              41       0              40       0              40       0  
2021-06-04 21:19:24.638
            39       0              39       0              39       0              39       0              39       0  
2021-06-04 21:19:24.792
            39       0              39       0              39       0              39       0              39       0  
2021-06-04 21:19:24.847
            39       0              39       0              39       0              39       0              39       0  
2021-06-04 21:19:24.952
            39       0              39       0              39       0              40       0              40       0  
2021-06-04 21:19:25.006
            40       0              40       0              40       0              40       0              40       0  
2021-06-04 21:19:25.110
            40       0              40       0              40       0              40       0              40       0  
2021-06-04 21:19:25.315
            41       0              41       0              39       0              35       0              31       0  
2021-06-04 21:19:25.419
            31       0              31       0              31       0              31       0              32       0  
2021-06-04 21:19:25.523
            32       0              32       0              33       0              33       0              33       0  
2021-06-04 21:19:25.628
            33       0              33       0              34       0              34       0              34       0  
2021-06-04 21:19:25.732
            34       0              34       0              34       0              34       0              34       0  
2021-06-04 21:19:25.836
            34       0              34       0              34       0              35       0              35       0  
2021-06-04 21:19:25.941
            35       0              35       0              35       0              36       0              36       0  
2021-06-04 21:19:26.046
            36       0              36       0              36       0              36       0              36       0  
2021-06-04 21:19:26.150
            36       0              37       0              37       0              37       0              37       0  
2021-06-04 21:19:26.204
            37       0              38       0              38       0              38       0              38       0  
2021-06-04 21:19:26.308
            38       0              38       0              38       0              37       0              37       0  
2021-06-04 21:19:26.513
            37       0              37       0              37       0              37       0              37       0  
2021-06-04 21:19:26.617
            37       0              37       0              37       0              37       0              38       0  
2021-06-04 21:19:26.722
            38       0              39       0              39       0              39       0              40       0  
2021-06-04 21:19:26.826
            40       0              40       0              40       0              40       0              40       0  
2021-06-04 21:19:26.930
            40       0              39       0              39       0              38       0              37       0  
2021-06-04 21:19:27.052
            37       0              37       0              37       0              37       0              37       0  
2021-06-04 21:19:27.105
            37       0              37       0              38       0              38       0              39       0  
2021-06-04 21:19:27.209
            39       0              41       0              43       0              45       0              47       0  
2021-06-04 21:19:27.312
            48       0              49       0              50       0              50       0              51       0  
2021-06-04 21:19:27.416
            51       0              51       0              51       0              50       0              50       0  
2021-06-04 21:19:27.571
            50       0              50       0              50       0              49       0              49       0  
2021-06-04 21:19:27.725
            49       0              49       0              48       0              48       0              48       0  
2021-06-04 21:19:27.829
            47       0              46       0              46       0              46       0              46       0  
2021-06-04 21:19:27.933
            46       0              45       0              45       0              45       0              45       0  
2021-06-04 21:19:28.037
            45       0              45       0              45       0              45       0              45       0  
2021-06-04 21:19:28.152
            45       0              45       0              46       0              46       0              46       0  
2021-06-04 21:19:28.205
            46       0              46       0              46       0              46       0              46       0  
2021-06-04 21:19:28.309
            46       0              46       0              46       0              46       0              46       0  
2021-06-04 21:19:28.413
            46       0              46       0              46       0              46       0              46       0  
2021-06-04 21:19:28.567
            46       0              46       0              46       0              46       0              46       0  
2021-06-04 21:19:28.621
            46       0              46       0              46       0              46       0              46       0  
2021-06-04 21:19:28.725
            46       0              47       0              47       0              48       0              50       0  
2021-06-04 21:19:28.929
            52       0              54       0              59       0              62       0              64       0  
2021-06-04 21:19:29.081
            65       0              65       0              65       0              64       0              64       0  
2021-06-04 21:19:29.134
            64       0              63       0              63       0              63       0              63       0  
2021-06-04 21:19:29.251
            65       0              70       0              77       0              85       0              95       0  
2021-06-04 21:19:29.404
            104       0              110       0              115       0              117       0              117       0  
2021-06-04 21:19:29.457
            117       0              117       0              116       0              115       0              115       0  
2021-06-04 21:19:29.609
            113       0              112       0              111       0              110       0              108       0  
2021-06-04 21:19:29.662
            106       0              104       0              103       0              101       0              100       0  
2021-06-04 21:19:29.765
            99       0              98       0              97       0              96       0              96       0  
2021-06-04 21:19:29.868
            97       0              99       0              103       0              107       0              112       0  
2021-06-04 21:19:29.972
            115       0              117       0              119       0              119       0              118       0  
2021-06-04 21:19:30.126
            117       0              115       0              113       0              109       0              105       0  
2021-06-04 21:19:30.229
            101       0              97       0              91       0              85       0              79       0  
2021-06-04 21:19:30.352
            73       0              68       0              63       0              62       0              61       0  
2021-06-04 21:19:30.454
            60       0              60       0              60       0              61       0              62       0  
2021-06-04 21:19:30.557
            62       0              63       0              63       0              63       0              63       0  
2021-06-04 21:19:30.661
            63       0              62       0              61       0              61       0              60       0  
2021-06-04 21:19:30.764
            60       0              59       0              58       0              58       0              57       0  
2021-06-04 21:19:30.867
            57       0              56       0              55       0              55       0              54       0  
2021-06-04 21:19:30.970
            54       0              53       0              53       0              52       0              52       0  
2021-06-04 21:19:31.074
            51       0              51       0              51       0              51       0              51       0  
2021-06-04 21:19:31.178
            51       0              52       0              53       0              54       0              54       0  
2021-06-04 21:19:31.332
            55       0              55       0              55       0              54       0              53       0  
2021-06-04 21:19:31.487
            52       0              52       0              51       0              51       0              51       0  
2021-06-04 21:19:31.591
            50       0              50       0              50       0              50       0              49       0  
2021-06-04 21:19:31.695
            49       0              48       0              48       0              47       0              47       0  
2021-06-04 21:19:31.800
            47       0              46       0              46       0              46       0              47       0  
2021-06-04 21:19:31.853
            48       0              49       0              50       0              50       0              51       0  
2021-06-04 21:19:31.957
            51       0              51       0              50       0              49       0              49       0  
2021-06-04 21:19:32.062
            48       0              47       0              46       0              46       0              45       0  
2021-06-04 21:19:32.216
            45       0              44       0              44       0              43       0              42       0  
2021-06-04 21:19:32.320
            41       0              41       0              40       0              39       0              38       0  
2021-06-04 21:19:32.374
            38       0              37       0              36       0              35       0              34       0  
2021-06-04 21:19:32.602
            34       0              33       0              33       0              34       0              36       0  
2021-06-04 21:19:32.654
            38       0              38       0              38       0              37       0              36       0  
2021-06-04 21:19:32.756
            36       0              36       0              32       0              29       0              26       0  
2021-06-04 21:19:32.858
            22       0              19       0              19       0              19       0              19       0  
2021-06-04 21:19:33.011
            19       0              19       0              20       0              20       0              21       0  
2021-06-04 21:19:33.064
            21       0              22       0              22       0              23       0              23       0  
2021-06-04 21:19:33.167
            24       0              25       0              26       0              27       0              27       0  
2021-06-04 21:19:33.269
            28       0              29       0              29       0              29       0              29       0  
2021-06-04 21:19:33.372
            29       0              29       0              29       0              29       0              29       0  
2021-06-04 21:19:33.476
            29       0              29       0              29       0              30       0              30       0  
2021-06-04 21:19:33.550
            30       0              30       0              30       0              30       0              30       0  
2021-06-04 21:19:33.703
            30       0              30       0              30       0              31       0              32       0  
2021-06-04 21:19:33.856
            32       0              33       0              34       0              35       0              35       0  
2021-06-04 21:19:33.960
            35       0              36       0              36       0              36       0              36       0  
2021-06-04 21:19:34.063
            36       0              36       0              36       0              36       0              36       0  
2021-06-04 21:19:34.166
            36       0              36       0              36       0              36       0              36       0  
2021-06-04 21:19:34.270
            36       0              36       0              37       0              37       0              36       0  
2021-06-04 21:19:34.423
            36       0              36       0              35       0              35       0              34       0  
2021-06-04 21:19:34.476
            33       0              32       0              32       0              31       0              31       0  
2021-06-04 21:19:34.579
            31       0              31       0              31       0              31       0              31       0  
2021-06-04 21:19:34.701
            31       0              32       0              32       0              32       0              32       0  
2021-06-04 21:19:34.754
            32       0              32       0              32       0              32       0              32       0  
2021-06-04 21:19:34.908
            32       0              32       0              33       0              33       0              34       0  
2021-06-04 21:19:35.063
            34       0              35       0              36       0              37       0              38       0  
2021-06-04 21:19:35.168
            38       0              38       0              39       0              39       0              39       0  
2021-06-04 21:19:35.272
            40       0              40       0              41       0              42       0              43       0  
2021-06-04 21:19:35.376
            43       0              43       0              44       0              44       0              44       0  
2021-06-04 21:19:35.530
            44       0              44       0              44       0              44       0              44       0  
2021-06-04 21:19:35.583
            44       0              44       0              44       0              44       0              44       0  
2021-06-04 21:19:35.688
            44       0              44       0              45       0              45       0              45       0  
2021-06-04 21:19:35.752
            45       0              46       0              46       0              46       0              46       0  
2021-06-04 21:19:35.956
            46       0              46       0              46       0              47       0              47       0  
2021-06-04 21:19:35.959
            47       0              47       0              47       0              48       0              48       0  
2021-06-04 21:19:36.114
            48       0              48       0              48       0              48       0              48       0  
2021-06-04 21:19:36.318
            48       0              49       0              49       0              49       0              49       0  
2021-06-04 21:19:36.424
            50       0              50       0              50       0              50       0              50       0  
2021-06-04 21:19:36.528
            50       0              50       0              50       0              50       0              50       0  
2021-06-04 21:19:36.632
            50       0              50       0              50       0              50       0              50       0  
2021-06-04 21:19:36.736
            50       0              50       0              50       0              50       0              50       0  
2021-06-04 21:19:36.840
            50       0              50       0              51       0              51       0              51       0  
2021-06-04 21:19:36.944
            51       0              52       0              52       0              53       0              54       0  
2021-06-04 21:19:37.048
            56       0              58       0              61       0              64       0              67       0  
2021-06-04 21:19:37.102
            69       0              71       0              72       0              74       0              75       0  
2021-06-04 21:19:37.206
            75       0              76       0              77       0              78       0              79       0  
2021-06-04 21:19:37.310
            79       0              80       0              80       0              81       0              81       0  
2021-06-04 21:19:37.564
            81       0              81       0              82       0              91       0              104       0  
2021-06-04 21:19:37.618
            113       0              115       0              114       0              113       0              111       0  
2021-06-04 21:19:37.721
            109       0              107       0              104       0              102       0              101       0  
2021-06-04 21:19:37.823
            97       0              93       0              89       0              85       0              81       0  
2021-06-04 21:19:37.927
            80       0              79       0              77       0              76       0              75       0  
2021-06-04 21:19:38.029
            74       0              73       0              72       0              72       0              71       0  
2021-06-04 21:19:38.132
            71       0              71       0              72       0              74       0              77       0  
2021-06-04 21:19:38.285
            79       0              81       0              83       0              83       0              83       0  
2021-06-04 21:19:38.337
            82       0              81       0              80       0              79       0              77       0  
2021-06-04 21:19:38.440
            76       0              75       0              74       0              73       0              71       0  
2021-06-04 21:19:38.543
            70       0              69       0              67       0              66       0              64       0  
2021-06-04 21:19:38.747
            63       0              61       0              60       0              59       0              59       0  
2021-06-04 21:19:38.850
            58       0              59       0              60       0              61       0              62       0  
2021-06-04 21:19:38.904
            62       0              62       0              62       0              61       0              60       0  
2021-06-04 21:19:39.107
            59       0              58       0              58       0              57       0              56       0  
2021-06-04 21:19:39.109
            56       0              55       0              54       0              54       0              53       0  
2021-06-04 21:19:39.212
            52       0              52       0              51       0              51       0              51       0  
2021-06-04 21:19:39.315
            50       0              50       0              50       0              49       0              49       0  
2021-06-04 21:19:39.468
            49       0              48       0              48       0              48       0              48       0  
2021-06-04 21:19:39.521
            49       0              50       0              51       0              53       0              54       0  
2021-06-04 21:19:39.625
            55       0              54       0              54       0              53       0              52       0  
2021-06-04 21:19:39.728
            51       0              50       0              50       0              49       0              49       0  
2021-06-04 21:19:39.982
            48       0              47       0              46       0              45       0              42       0  
2021-06-04 21:19:40.185
            40       0              38       0              37       0              36       0              35       0  
2021-06-04 21:19:40.188
            35       0              34       0              33       0              32       0              33       0  
2021-06-04 21:19:40.243
            34       0              35       0              37       0              38       0              37       0  
2021-06-04 21:19:40.346
            34       0              31       0              27       0              23       0              21       0  
2021-06-04 21:19:40.451
            20       0              18       0              17       0              16       0              15       0  
2021-06-04 21:19:40.505
            14       0              13       0              11       0              10       0              8       0  
2021-06-04 21:19:40.610
            7       0              5       0              4       0              2       0              1       0  
2021-06-04 21:19:40.716
            0       0              0       0              0       0              0       0              0       0  
2021-06-04 21:19:40.821
            0       0              0       0              0       0              1       0              3       0  
2021-06-04 21:19:40.925
            6       0              8       0              10       0              12       0              13       0  
2021-06-04 21:19:41.130
            13       0              14       0              13       0              13       0              12       0  
2021-06-04 21:19:41.235
            12       0              12       0              12       0              12       0              12       0  
2021-06-04 21:19:41.358
            13       0              13       0              14       0              14       0              14       0  
2021-06-04 21:19:41.463
            15       0              15       0              15       0              16       0              16       0  
2021-06-04 21:19:41.567
            17       0              19       0              21       0              23       0              25       0  
2021-06-04 21:19:41.671
            26       0              27       0              26       0              26       0              25       0  
2021-06-04 21:19:41.776
            25       0              24       0              24       0              24       0              24       0  
2021-06-04 21:19:41.883
            24       0              24       0              25       0              25       0              25       0  
2021-06-04 21:19:41.988
            25       0              25       0              25       0              25       0              25       0  
